	i	text	gold
0	3	Erstes	
1	4	Kapitel	
2	5	.	
3	6	„	
4	7	Amerika	
5	8	!	
6	9	Welcher	
7	10	Name	
8	11	hat	
9	12	einen	
10	13	Inhalt	
11	14	gleich	
12	15	diesem	
13	16	Namen	
14	17	!	
15	18	Wer	
16	19	nicht	
17	20	Dinge	
18	21	der	
19	22	gedachten	
20	23	Welt	
21	24	nennt	
22	25	,	
23	26	kann	
24	27	in	
25	28	der	
26	29	wirklichen	
27	30	Welt	
28	31	nichts	
29	32	Höheres	
30	33	nennen	
31	34	.	
32	35	Das	
33	36	Individuum	(mention_id=1|references=(entity=(entity_id=generic_0001|fullname=Individuum|gender=u|specialcase_entity=generic)))
34	37	sagt	
35	38	:	
36	39	mein	(mention_id=2|references=(entity=(entity_id=generic_0002|fullname=Individuum|gender=u|specialcase_entity=generic)))
37	40	besseres	
38	41	Ich	(mention_id=3|references=(entity=(entity_id=generic_0003|fullname=Individuum|gender=u|specialcase_entity=generic)))
39	42	,	
40	43	der	
41	44	Erdglobus	
42	45	sagt	
43	46	:	
44	47	Amerika	
45	48	.	
46	49	Es	
47	50	ist	
48	51	der	
49	52	Schlußfall	
50	53	und	
51	54	die	
52	55	große	
53	56	Cadenz	
54	57	im	
55	58	Concerte	
56	59	der	
57	60	menschlichen	
58	61	Vollkommenheiten	
59	62	.	
60	63	Was	
61	64	unmöglich	
62	65	in	
63	66	Europa	
64	67	,	
65	68	ist	
66	69	möglich	
67	70	in	
68	71	Amerika	
69	72	;	
70	73	was	
71	74	unmöglich	
72	75	in	
73	76	Amerika	
74	77	,	
75	78	das	
76	79	erst	
77	80	ist	
78	81	unmöglich	
79	82	!	
80	83	Ich	(mention_id=4|references=(entity=(entity_id=figur_0042|fullname=Sprecher|gender=m)))
81	84	sehe	
82	85	hier	
83	86	die	
84	87	höchste	
85	88	gesunde	
86	89	Kraftentwicklung	
87	90	des	
88	91	volljährigen	
89	92	Menschenkörpers	
90	93	;	
91	94	—	
92	95	drüber	
93	96	hinaus	
94	97	liegt	
95	98	Convulsion	
96	99	und	
97	100	Delirium	
98	101	!	
99	102	“	
100	103	„	
101	104	Amerika	
102	105	!	
103	106	heilige	
104	107	Erstarrung	
105	108	ergreift	
106	109	mich	(mention_id=5|references=(entity=(entity_id=figur_0042|fullname=Sprecher|gender=m)))
107	110	bei	
108	111	deinem	(mention_id=6|references=(entity=(entity_id=figur_0003|fullname=Amerika|gender=u)))
109	112	Anblicke	
110	113	.	
111	114	Die	
112	115	Schauer	
113	116	der	
114	117	Menschengröße	
115	118	wehen	
116	119	von	
117	120	deinen	
118	121	Ufern	
119	122	.	
120	123	Menschengröße	
121	124	,	
122	125	wer	
123	126	kennt	
124	127	dein	(mention_id=7|references=(entity=(entity_id=figur_0032|fullname=Menschengröße|gender=u)))
125	128	Gefühl	
126	129	in	
127	130	Europa	
128	131	?	
129	132	Karl	(mention_id=8|references=(entity=(entity_id=figur_0018|fullname=Karl der Große|gender=m)))
130	133	der	(mention_id=8|references=(entity=(entity_id=figur_0018|fullname=Karl der Große|gender=m)))
131	134	Große	(mention_id=8|references=(entity=(entity_id=figur_0018|fullname=Karl der Große|gender=m)))
132	135	,	
133	136	Ludwig	(mention_id=9|references=(entity=(entity_id=figur_0025|fullname=Ludwig der Große|gender=m)))
134	137	der	(mention_id=9|references=(entity=(entity_id=figur_0025|fullname=Ludwig der Große|gender=m)))
135	138	Große	(mention_id=9|references=(entity=(entity_id=figur_0025|fullname=Ludwig der Große|gender=m)))
136	139	,	
137	140	Friedrich	(mention_id=10|references=(entity=(entity_id=figur_0011|fullname=Friedrich der Große|gender=m)))
138	141	der	(mention_id=10|references=(entity=(entity_id=figur_0011|fullname=Friedrich der Große|gender=m)))
139	142	Große	(mention_id=10|references=(entity=(entity_id=figur_0011|fullname=Friedrich der Große|gender=m)))
140	143	—	
141	144	das	
142	145	sind	
143	146	die	
144	147	Menschengrößen	(mention_id=11|references=(entity=(entity_id=figur_0018|fullname=Karl der Große|gender=m)),(entity=(entity_id=figur_0011|fullname=Friedrich der Große|gender=m)),(entity=(entity_id=figur_0025|fullname=Ludwig der Große|gender=m)))
145	148	der	
146	149	alten	
147	150	Welt	
148	151	.	
149	152	Was	
150	153	sonst	
151	154	noch	
152	155	groß	
153	156	ist	
154	157	neben	
155	158	ihnen	(mention_id=12|references=(entity=(entity_id=figur_0025|fullname=Ludwig der Große|gender=m)),(entity=(entity_id=figur_0011|fullname=Friedrich der Große|gender=m)),(entity=(entity_id=figur_0018|fullname=Karl der Große|gender=m)))
156	159	,	
157	160	wird	
158	161	decorirt	
159	162	oder	
160	163	hingerichtet	
161	164	!	
162	165	—	
163	166	O	
164	167	weiche	
165	168	zurück	
166	169	,	
167	170	Andenken	
168	171	Europa's	
169	172	,	
170	173	vor	
171	174	dem	
172	175	blühenden	
173	176	Bilde	
174	177	dieser	
175	178	jungen	
176	179	Erde	
177	180	!	
178	181	Sei	
179	182	mir	(mention_id=13|references=(entity=(entity_id=figur_0042|fullname=Sprecher|gender=m)))
180	183	gegrüßt	
181	184	,	
182	185	Morgenstirn	
183	186	,	
184	187	Morgenantlitz	
185	188	,	
186	189	frische	
187	190	,	
188	191	schwellende	
189	192	,	
190	193	aufstrahlende	
191	194	Schönheit	
192	195	!	
193	196	Ein	
194	197	jugendlicher	
195	198	Mensch	(mention_id=14|references=(entity=(entity_id=figur_0053|fullname=jugendlicher Mensch|gender=u|specialcase_entity=generic)))
196	199	ist	
197	200	die	
198	201	Freude	
199	202	des	
200	203	älteren	(mention_id=15|references=(entity=(entity_id=figur_0057|fullname=älterer Mensch|gender=u|specialcase_entity=generic)))
201	204	,	
202	205	aber	
203	206	eine	
204	207	jugendliche	
205	208	Welt	
206	209	,	
207	210	—	
208	211	ist	
209	212	es	
210	213	möglich	
211	214	,	
212	215	diesen	
213	216	Wonnebegriff	
214	217	in	
215	218	ein	
216	219	sterbliches	
217	220	Herz	
218	221	aufzunehmen	
219	222	?	
220	223	Glückliches	
221	224	Land	
222	225	!	
223	226	mit	
224	227	allen	
225	228	Säften	
226	229	unsrer	(mention_id=16|references=(entity=(entity_id=figur_0042|fullname=Sprecher|gender=m)),(entity=(entity_id=generic_0004|fullname=Menschheit|gender=u|specialcase_entity=generic)))
227	230	Geschichte	
228	231	bist	
229	232	du	
230	233	genährt	
231	234	,	
232	235	aber	
233	236	wir	(mention_id=17|references=(entity=(entity_id=figur_0042|fullname=Sprecher|gender=m)),(entity=(entity_id=generic_0005|fullname=Menschheit|gender=u|specialcase_entity=generic)))
234	237	sind	
235	238	die	
236	239	gröbsten	
237	240	,	
238	241	du	
239	242	das	
240	243	feinste	
241	244	Gefäß	
242	245	dieser	
243	246	Säfte	
244	247	.	
245	248	Asien	
246	249	die	
247	250	Wurzel	
248	251	,	
249	252	Europa	
250	253	der	
251	254	Stamm	
252	255	,	
253	256	Amerika	
254	257	Laub-	
255	258	und	
256	259	Blüthenkrone	
257	260	—	
258	261	so	
259	262	gipfelt	
260	263	sich	
261	264	das	
262	265	Wachsthum	
263	266	der	
264	267	Menschheit	(mention_id=18|references=(entity=(entity_id=generic_0006|fullname=Menschheit|gender=u|specialcase_entity=generic)))
265	268	.	
266	269	Und	
267	270	die	
268	271	runzeligen	
269	272	Rinden	
270	273	Asiens	
271	274	und	
272	275	Europa's	
273	276	durchkriecht	
274	277	das	
275	278	Insect	
276	279	,	
277	280	auf	
278	281	Amerika's	
279	282	Wipfel	
280	283	wiegt	
281	284	sich	
282	285	der	
283	286	freie	
284	287	,	
285	288	fröhliche	
286	289	Vogel	
287	290	!	
288	291	In	
289	292	unsern	(mention_id=19|references=(entity=(entity_id=figur_0042|fullname=Sprecher|gender=m)),(entity=(entity_id=generic_0007|fullname=Menschheit|gender=u|specialcase_entity=generic)))
290	293	geschichtlichen	
291	294	Schlupfwinkeln	
292	295	verpuppt	
293	296	sich	
294	297	die	
295	298	graue	
296	299	,	
297	300	schläferige	
298	301	Raupe	
299	302	,	
300	303	aus	
301	304	Amerika's	
302	305	Blüthenkelchen	
303	306	trinkt	
304	307	der	
305	308	Schmetterling	
306	309	seine	
307	310	Psyche-Unsterblichkeit	
308	311	!	
309	312	“	
310	313	„	
311	314	Ein	
312	315	Mann	(mention_id=20|references=(entity=(entity_id=figur_0029|fullname=Mann von riesigem Leibe|gender=m|specialcase_entity=nonfact)))
313	316	von	
314	317	riesigem	
315	318	Leibe	
316	319	kam	
317	320	an	
318	321	ein	
319	322	Wasser	
320	323	,	
321	324	daran	
322	325	fand	
323	326	er	(mention_id=21|references=(entity=(entity_id=figur_0029|fullname=Mann von riesigem Leibe|gender=m|specialcase_entity=nonfact)))
324	327	ein	
325	328	Knäblein	(mention_id=22|references=(entity=(entity_id=figur_0019|fullname=Knäblein|gender=m|specialcase_entity=nonfact)|specialcase_reference=part))
326	329	spielen	
327	330	.	
328	331	Das	
329	332	Knäblein	
330	333	sagte	
331	334	:	
332	335	Mann	(mention_id=23|references=(entity=(entity_id=figur_0029|fullname=Mann von riesigem Leibe|gender=m|specialcase_entity=nonfact)))
333	336	trag'	
334	337	mich	(mention_id=24|references=(entity=(entity_id=figur_0019|fullname=Knäblein|gender=m|specialcase_entity=nonfact)))
335	338	über	
336	339	das	
337	340	Wasser	
338	341	,	
339	342	denn	
340	343	deine	(mention_id=25|references=(entity=(entity_id=figur_0029|fullname=Mann von riesigem Leibe|gender=m|specialcase_entity=nonfact)))
341	344	Schultern	
342	345	sind	
343	346	stark	
344	347	.	
345	348	Und	
346	349	der	
347	350	Mann	(mention_id=26|references=(entity=(entity_id=figur_0029|fullname=Mann von riesigem Leibe|gender=m|specialcase_entity=nonfact)))
348	351	hob	
349	352	das	
350	353	kleine	
351	354	,	
352	355	federleichte	
353	356	Körperchen	(mention_id=27|references=(entity=(entity_id=figur_0019|fullname=Knäblein|gender=m|specialcase_entity=nonfact)))
354	357	auf	
355	358	,	
356	359	und	
357	360	trug	
358	361	es	
359	362	durchs	
360	363	Wasser	
361	364	.	
362	365	Aber	
363	366	im	
364	367	Tragen	
365	368	verwandelte	
366	369	sich	
367	370	das	
368	371	Kind	(mention_id=28|references=(entity=(entity_id=figur_0019|fullname=Knäblein|gender=m|specialcase_entity=nonfact)))
369	372	in	
370	373	eine	
371	374	schwere	
372	375	,	
373	376	gewichtige	
374	377	Last	
375	378	.	
376	379	Wie	
377	380	geht	
378	381	das	
379	382	zu	
380	383	?	
381	384	wunderte	
382	385	sich	(mention_id=29|references=(entity=(entity_id=figur_0029|fullname=Mann von riesigem Leibe|gender=m|specialcase_entity=nonfact)))
383	386	der	
384	387	Mann	(mention_id=30|references=(entity=(entity_id=figur_0029|fullname=Mann von riesigem Leibe|gender=m|specialcase_entity=nonfact)))
385	388	,	
386	389	trag'	
387	390	ich	(mention_id=31|references=(entity=(entity_id=figur_0029|fullname=Mann von riesigem Leibe|gender=m|specialcase_entity=nonfact)))
388	391	doch	
389	392	ein	
390	393	schmales	
391	394	,	
392	395	schmächtiges	
393	396	Knäblein	(mention_id=32|references=(entity=(entity_id=figur_0019|fullname=Knäblein|gender=m|specialcase_entity=nonfact)))
394	397	!	
395	398	Du	(mention_id=33|references=(entity=(entity_id=figur_0019|fullname=Knäblein|gender=m|specialcase_entity=nonfact)))
396	399	irrst	
397	400	dich	(mention_id=34|references=(entity=(entity_id=figur_0029|fullname=Mann von riesigem Leibe|gender=m|specialcase_entity=nonfact)))
398	401	,	
399	402	antwortete	
400	403	dieses	(mention_id=35|references=(entity=(entity_id=figur_0019|fullname=Knäblein|gender=m|specialcase_entity=nonfact)))
401	404	,	
402	405	Himmel	
403	406	und	
404	407	Erde	
405	408	trägst	
406	409	du	(mention_id=36|references=(entity=(entity_id=figur_0019|fullname=Knäblein|gender=m|specialcase_entity=nonfact)))
407	410	auf	
408	411	deinen	(mention_id=37|references=(entity=(entity_id=figur_0029|fullname=Mann von riesigem Leibe|gender=m|specialcase_entity=nonfact)))
409	412	Schultern	
410	413	.	
411	414	—	
412	415	Darf	
413	416	ich	(mention_id=38|references=(entity=(entity_id=figur_0042|fullname=Sprecher|gender=m)))
414	417	dieser	
415	418	Legende	
416	419	nicht	
417	420	hier	
418	421	gedenken	
419	422	am	
420	423	Bord	
421	424	meines	(mention_id=39|references=(entity=(entity_id=figur_0042|fullname=Sprecher|gender=m)))
422	425	Auswandererschiffes	
423	426	?	
424	427	Der	
425	428	große	
426	429	Christoph	(mention_id=40|references=(entity=(entity_id=figur_0006|fullname=Christoph|gender=m)))
427	430	sind	
428	431	wir	(mention_id=41|references=(entity=(entity_id=figur_0042|fullname=Sprecher|gender=m)),(entity=(entity_id=generic_0008|fullname=Menschheit|gender=u|specialcase_entity=generic)))
429	432	,	
430	433	die	
431	434	alte	
432	435	Weltgeschichte	
433	436	;	
434	437	auf	
435	438	unsern	(mention_id=42|references=(entity=(entity_id=figur_0042|fullname=Sprecher|gender=m)),(entity=(entity_id=generic_0009|fullname=Menschheit|gender=u|specialcase_entity=generic)))
436	439	Schultern	
437	440	stehst	
438	441	du	
439	442	,	
440	443	Amerika	
441	444	,	
442	445	das	
443	446	wir	(mention_id=43|references=(entity=(entity_id=figur_0042|fullname=Sprecher|gender=m)),(entity=(entity_id=generic_0010|fullname=Menschheit|gender=u|specialcase_entity=generic)))
444	447	in	
445	448	kleinsten	
446	449	Anfängen	
447	450	über	
448	451	die	
449	452	atlantische	
450	453	Wassergränze	
451	454	trugen	
452	455	;	
453	456	aber	
454	457	wundergleich	
455	458	überflügelt	
456	459	uns	(mention_id=44|references=(entity=(entity_id=figur_0042|fullname=Sprecher|gender=m)),(entity=(entity_id=generic_0011|fullname=Menschheit|gender=u|specialcase_entity=generic)))
457	460	dein	
458	461	Gewicht	
459	462	,	
460	463	und	
461	464	wahrlich	
462	465	!	
463	466	du	
464	467	bist	
465	468	der	
466	469	Heiland	
467	470	,	
468	471	der	
469	472	uns	(mention_id=45|references=(entity=(entity_id=figur_0042|fullname=Sprecher|gender=m)),(entity=(entity_id=generic_0012|fullname=Menschheit|gender=u|specialcase_entity=generic)))
470	473	einst	
471	474	Alle	
472	475	erlösen	
473	476	wird	
474	477	!	
475	478	Glückzu	
476	479	,	
477	480	daß	
478	481	du	
479	482	nicht	
480	483	zu	
481	484	sterben	
482	485	brauchst	
483	486	für	
484	487	uns	(mention_id=46|references=(entity=(entity_id=figur_0042|fullname=Sprecher|gender=m)),(entity=(entity_id=generic_0013|fullname=Menschheit|gender=u|specialcase_entity=generic)))
485	488	,	
486	489	daß	
487	490	du	
488	491	leben	
489	492	wirst	
490	493	,	
491	494	leben	
492	495	,	
493	496	und	
494	497	nichts	
495	498	als	
496	499	leben	
497	500	!	
498	501	Zurück	
499	502	ihr	(mention_id=47|references=(entity=(entity_id=generic_0016|fullname=Tragiker|gender=u|specialcase_entity=generic)))
500	503	Tragiker	(mention_id=48|references=(entity=(entity_id=generic_0017|fullname=Tragiker|gender=u|specialcase_entity=generic)))
501	504	,	
502	505	die	(mention_id=49|references=(entity=(entity_id=generic_0018|fullname=Tragiker|gender=u|specialcase_entity=generic)))
503	506	ihr	(mention_id=50|references=(entity=(entity_id=generic_0019|fullname=Tragiker|gender=u|specialcase_entity=generic)))
504	507	den	
505	508	Angstschweiß	
506	509	,	
507	510	die	
508	511	Thränen	
509	512	,	
510	513	das	
511	514	Blut	
512	515	von	
513	516	hingerichteten	
514	517	Weltideen	
515	518	in	
516	519	den	
517	520	goldnen	
518	521	Schalen	
519	522	eurer	(mention_id=51|references=(entity=(entity_id=generic_0020|fullname=Tragiker|gender=u|specialcase_entity=generic)))
520	523	Verse	
521	524	sammelt	
522	525	;	
523	526	hier	
524	527	füllen	
525	528	sich	
526	529	nicht	
527	530	eure	(mention_id=52|references=(entity=(entity_id=generic_0021|fullname=Tragiker|gender=u|specialcase_entity=generic)))
528	531	Schalen	
529	532	.	
530	533	Nach	
531	534	Asien	
532	535	geht	
533	536	,	
534	537	nach	
535	538	Europa	
536	539	!	
537	540	Dort	
538	541	spricht	
539	542	man	
540	543	den	
541	544	Besten	(mention_id=53|references=(entity=(entity_id=generic_0022|fullname=die Besten|gender=u|specialcase_entity=generic)))
542	545	und	
543	546	Tugendhaftesten	(mention_id=54|references=(entity=(entity_id=generic_0024|fullname=die Tugendhaftesten|gender=u|specialcase_entity=generic)))
544	547	die	
545	548	Todesstrafe	
546	549	zu	
547	550	;	
548	551	—	
549	552	hier	
550	553	werden	
551	554	sie	(mention_id=55|references=(entity=(entity_id=generic_0023|fullname=die Besten|gender=u|specialcase_entity=generic)),(entity=(entity_id=generic_0025|fullname=die Tugendhaftesten|gender=u|specialcase_entity=generic)))
552	555	zu	
553	556	Präsidenten	(mention_id=56|references=(entity=(entity_id=figur_0035|fullname=Präsidenten|gender=u|specialcase_entity=generic)))
554	557	erwählt	
555	558	!	
556	559	“	
557	560	—	
558	561	„	
559	562	Amerika	
560	563	ist	
561	564	ein	
562	565	Bau	
563	566	,	
564	567	bei	
565	568	welchem	
566	569	die	
567	570	menschliche	
568	571	Vernunft	
569	572	zum	
570	573	erstenmale	
571	574	das	
572	575	Gesetz	
573	576	der	
574	577	Schwere	
575	578	fand	
576	579	.	
577	580	Die	
578	581	Staatsgebäude	
579	582	der	
580	583	alten	
581	584	Welt	
582	585	fingen	
583	586	mit	
584	587	der	
585	588	Kuppel	
586	589	an	
587	590	.	
588	591	Der	
589	592	König	(mention_id=57|references=(entity=(entity_id=figur_0021|fullname=König|gender=m|specialcase_entity=generic)))
590	593	und	
591	594	der	
592	595	Hohepriester	(mention_id=58|references=(entity=(entity_id=figur_0015|fullname=Hohepriester|gender=m|specialcase_entity=generic)))
593	596	wölbten	
594	597	vor	
595	598	Allem	
596	599	das	
597	600	unermeßliche	
598	601	Dach	
599	602	.	
600	603	Dann	
601	604	kamen	
602	605	die	
603	606	Vasallen	(mention_id=59|references=(entity=(entity_id=generic_0026|fullname=Vasallen|gender=u|specialcase_entity=generic)))
604	607	,	
605	608	die	
606	609	Ritter	(mention_id=60|references=(entity=(entity_id=generic_0028|fullname=Ritter|gender=u|specialcase_entity=generic)))
607	610	und	
608	611	Krieger	(mention_id=61|references=(entity=(entity_id=generic_0030|fullname=Krieger|gender=u|specialcase_entity=generic)))
609	612	und	
610	613	stellten	
611	614	ihre	(mention_id=62|references=(entity=(entity_id=generic_0027|fullname=Vasallen|gender=u|specialcase_entity=generic)),(entity=(entity_id=generic_0029|fullname=Ritter|gender=u|specialcase_entity=generic)),(entity=(entity_id=generic_0031|fullname=Krieger|gender=u|specialcase_entity=generic)))
612	615	Säulen	
613	616	darunter	
614	617	.	
615	618	Unter	
616	619	die	
617	620	Säulen	
618	621	setzte	
619	622	das	
620	623	Bürgerthum	(mention_id=63|references=(entity=(entity_id=generic_0032|fullname=Bürgerthum|gender=u|specialcase_entity=generic)))
621	624	seine	(mention_id=64|references=(entity=(entity_id=generic_0033|fullname=Bürgerthum|gender=u|specialcase_entity=generic)))
622	625	Sockel	
623	626	.	
624	627	Vom	
625	628	Sockel	
626	629	abwärts	
627	630	endete	
628	631	das	
629	632	Gebäude	
630	633	.	
631	634	Die	
632	635	Sudras	(mention_id=65|references=(entity=(entity_id=figur_0043|fullname=Sudras|gender=u|specialcase_entity=generic,group)))
633	636	,	
634	637	die	
635	638	Pariahs	(mention_id=66|references=(entity=(entity_id=figur_0034|fullname=Pariahs|gender=u|specialcase_entity=generic,group)))
636	639	,	
637	640	die	
638	641	Fellahs	(mention_id=67|references=(entity=(entity_id=figur_0009|fullname=Fellahs|gender=u)))
639	642	,	
640	643	die	
641	644	leibeigenen	
642	645	Bauern	(mention_id=68|references=(entity=(entity_id=figur_0054|fullname=leibeigene Bauern|gender=u)))
643	646	,	
644	647	—	
645	648	sie	
646	649	waren	
647	650	ein	
648	651	verwahrloster	
649	652	Untergrund	
650	653	.	
651	654	Die	
652	655	Baukunst	
653	656	that	
654	657	nichts	
655	658	für	
656	659	ihren	
657	660	Bestand	
658	661	,	
659	662	sie	
660	663	erlaubte	
661	664	blos	
662	665	ihr	
663	666	natürliches	
664	667	Dasein	
665	668	.	
666	669	Das	
667	670	Fundament	
668	671	war	
669	672	geduldet	
670	673	.	
671	674	Trug	
672	675	es	
673	676	den	
674	677	schweren	
675	678	überladenen	
676	679	Bau	
677	680	,	
678	681	so	
679	682	that	
680	683	es	
681	684	das	
682	685	Glück	
683	686	;	
684	687	trug	
685	688	es	
686	689	ihn	
687	690	nicht	
688	691	,	
689	692	so	
690	693	sank	
691	694	er	
692	695	langsam	
693	696	mit	
694	697	dem	
695	698	zerquetschten	
696	699	Volksleben	
697	700	in	
698	701	die	
699	702	Erde	
700	703	,	
701	704	wie	
702	705	Asiens	
703	706	Despotien	
704	707	,	
705	708	oder	
706	709	er	
707	710	riß	
708	711	gewaltsam	
709	712	in	
710	713	Trümmer	
711	714	unter	
712	715	den	
713	716	Revolutionen	
714	717	Europa'	
715	718	s.	
716	719	Weises	
717	720	Amerika	
718	721	,	
719	722	das	
720	723	mit	
721	724	dem	
722	725	Anfange	
723	726	anfing	
724	727	!	
725	728	“	
726	729	„	
727	730	So	
728	731	werd'	
729	732	ich	(mention_id=69|references=(entity=(entity_id=figur_0042|fullname=Sprecher|gender=m)))
730	733	bewohnen	
731	734	ein	
732	735	festes	
733	736	,	
734	737	wohlgezimmertes	
735	738	Haus	
736	739	,	
737	740	ein	
738	741	Haus	
739	742	gebaut	
740	743	auf	
741	744	die	
742	745	erste	
743	746	aller	
744	747	Wissenschaften	
745	748	,	
746	749	auf	
747	750	die	
748	751	Wissenschaft	
749	752	vom	
750	753	Volke	
751	754	.	
752	755	Marquis	(mention_id=70|references=(entity=(entity_id=figur_0030|fullname=Marquis Posa|gender=m)))
753	756	Posa	(mention_id=70|references=(entity=(entity_id=figur_0030|fullname=Marquis Posa|gender=m)))
754	757	sans	
755	758	phrase	
756	759	ist	
757	760	der	
758	761	Hausherr	(mention_id=71|references=(entity=(entity_id=figur_0030|fullname=Marquis Posa|gender=m)))
759	762	darin	
760	763	.	
761	764	Ich	(mention_id=72|references=(entity=(entity_id=figur_0042|fullname=Sprecher|gender=m)))
762	765	trete	
763	766	ein	
764	767	,	
765	768	und	
766	769	umarme	
767	770	staunend	
768	771	und	
769	772	schauernd	
770	773	den	
771	774	erschossenen	
772	775	Freund	(mention_id=73|references=(entity=(entity_id=figur_0030|fullname=Marquis Posa|gender=m)))
773	776	.	
774	777	Er	(mention_id=74|references=(entity=(entity_id=figur_0030|fullname=Marquis Posa|gender=m)))
775	778	lächelt	
776	779	.	
777	780	Verwundere	
778	781	dich	(mention_id=75|references=(entity=(entity_id=figur_0042|fullname=Sprecher|gender=m)))
779	782	nicht	
780	783	,	
781	784	Bruder	(mention_id=76|references=(entity=(entity_id=figur_0042|fullname=Sprecher|gender=m)))
782	785	,	
783	786	mich	(mention_id=77|references=(entity=(entity_id=figur_0030|fullname=Marquis Posa|gender=m)))
784	787	hier	
785	788	im	
786	789	Gedeihen	
787	790	zu	
788	791	finden	
789	792	.	
790	793	Du	
791	794	wußtest	
792	795	ja	
793	796	,	
794	797	ich	(mention_id=78|references=(entity=(entity_id=figur_0030|fullname=Marquis Posa|gender=m)))
795	798	bin	
796	799	unsterblich	
797	800	.	
798	801	Die	
799	802	Königswunde	
800	803	hier	
801	804	—	
802	805	traumhaft	
803	806	fährt	
804	807	er	(mention_id=79|references=(entity=(entity_id=figur_0030|fullname=Marquis Posa|gender=m)))
805	808	sich	
806	809	an	
807	810	die	
808	811	Stirne	
809	812	—	
810	813	siehe	
811	814	,	
812	815	sie	
813	816	ist	
814	817	glücklich	
815	818	vernarbt	
816	819	.	
817	820	Ach	
818	821	,	
819	822	es	
820	823	war	
821	824	ein	
822	825	beschränktes	
823	826	Jahrhundert	
824	827	!	
825	828	Lächeln	
826	829	wir	(mention_id=80|references=(entity=(entity_id=figur_0042|fullname=Sprecher|gender=m)),(entity=(entity_id=figur_0030|fullname=Marquis Posa|gender=m)))
827	830	,	
828	831	Freund	(mention_id=81|references=(entity=(entity_id=figur_0030|fullname=Marquis Posa|gender=m)))
829	832	,	
830	833	über	
831	834	seine	
832	835	Irrthümer	
833	836	.	
834	837	Damals	
835	838	versagte	
836	839	man	
837	840	der	
838	841	Humanität	
839	842	eine	
840	843	kleine	
841	844	Anstellung	
842	845	in	
843	846	Holland	
844	847	,	
845	848	heute	
846	849	schwingt	
847	850	sie	
848	851	ihr	
849	852	Scepter	
850	853	über	
851	854	einen	
852	855	Raum	
853	856	,	
854	857	den	
855	858	Flandern	
856	859	und	
857	860	Brabant	
858	861	hundertmal	
859	862	einnehmen	
860	863	könnten	
861	864	und	
862	865	mancher	
863	866	Acre	
864	867	erübrigte	
865	868	noch	
866	869	zu	
867	870	einem	
868	871	irrenärztlichen	
869	872	Latifundium	
870	873	für	
871	874	den	
872	875	Madrider	
873	876	Staatsrath	(mention_id=82|references=(entity=(entity_id=figur_0026|fullname=Madrider Staatsrath|gender=m)))
874	877	.	
875	878	Nicht	
876	879	wahr	
877	880	,	
878	881	das	
879	882	Menschenthum	
880	883	schreitet	
881	884	doch	
882	885	vorwärts	
883	886	,	
884	887	und	
885	888	die	
886	889	Könige	(mention_id=83|references=(entity=(entity_id=generic_0034|fullname=Könige|gender=u|specialcase_entity=generic)))
887	890	sind	
888	891	—	
889	892	das	
890	893	Menschenthum	(mention_id=84|references=(entity=(entity_id=generic_0014|fullname=Menschheit|gender=u|specialcase_entity=generic)))
891	894	schreitet	
892	895	doch	
893	896	vorwärts	
894	897	,	
895	898	und	
896	899	die	
897	900	Könige	(mention_id=85|references=(entity=(entity_id=generic_0035|fullname=Könige|gender=u|specialcase_entity=generic)))
898	901	sind	
899	902	—	
900	903	sonderbare	
901	904	Schwärmer	(mention_id=86|references=(entity=(entity_id=generic_0036|fullname=Könige|gender=u|specialcase_entity=generic)))
902	905	!	
903	906	Hier	
904	907	zuckt	
905	908	man	
906	909	die	
907	910	Achseln	
908	911	über	
909	912	die	
910	913	Ausführbarkeit	
911	914	ihrer	(mention_id=87|references=(entity=(entity_id=generic_0037|fullname=Könige|gender=u|specialcase_entity=generic)))
912	915	Träume	
913	916	und	
914	917	auf	
915	918	dem	
916	919	Capitol	
917	920	zu	
918	921	Washington	
919	922	findet	
920	923	man	
921	924	nichts	
922	925	praktisch	
923	926	,	
924	927	als	
925	928	unsre	(mention_id=88|references=(entity=(entity_id=figur_0042|fullname=Sprecher|gender=m)),(entity=(entity_id=generic_0015|fullname=Menschheit|gender=u|specialcase_entity=generic)))
926	929	Ideale	
927	930	.	
928	931	—	
929	932	Sei	
930	933	mir	(mention_id=89|references=(entity=(entity_id=figur_0042|fullname=Sprecher|gender=m)))
931	934	willkommen	
932	935	,	
933	936	Freund	
934	937	,	
935	938	sei	
936	939	mir	(mention_id=90|references=(entity=(entity_id=figur_0042|fullname=Sprecher|gender=m)))
937	940	willkommen	
938	941	!	
939	942	“	
940	943	—	
941	944	Also	
942	945	wurde	
943	946	die	
944	947	Küste	
945	948	von	
946	949	Amerika	
947	950	begrüßt	
948	951	.	
949	952	Ein	
950	953	Mann	(mention_id=91|references=(entity=(entity_id=figur_0028|fullname=Mann von jugendlichem Alter|gender=u)))
951	954	von	
952	955	jugendlichem	
953	956	Alter	
954	957	steht	
955	958	auf	
956	959	dem	
957	960	Vordertheil	
958	961	seines	(mention_id=92|references=(entity=(entity_id=figur_0028|fullname=Mann von jugendlichem Alter|gender=u)))
959	962	Schiffes	
960	963	und	
961	964	schaut	
962	965	mit	
963	966	verschränkten	
964	967	Armen	
965	968	und	
966	969	begeistertem	
967	970	Blicke	
968	971	sein	(mention_id=93|references=(entity=(entity_id=figur_0028|fullname=Mann von jugendlichem Alter|gender=u)))
969	972	großes	
970	973	Gegenüber	
971	974	:	
972	975	die	
973	976	neue	
974	977	Welt	
975	978	.	
976	979	In	
977	980	seinem	(mention_id=94|references=(entity=(entity_id=figur_0028|fullname=Mann von jugendlichem Alter|gender=u)))
978	981	Hymnus	
979	982	steht	
980	983	seine	(mention_id=95|references=(entity=(entity_id=figur_0028|fullname=Mann von jugendlichem Alter|gender=u)))
981	984	Gestalt	
982	985	vor	
983	986	uns	(mention_id=96|references=(entity=(entity_id=figur_0042|fullname=Sprecher|gender=m)),(entity=(entity_id=figur_0023|fullname=Lesende|gender=u|specialcase_entity=group)))
984	987	,	
985	988	kaum	
986	989	brauchten	
987	990	wir	(mention_id=97|references=(entity=(entity_id=figur_0042|fullname=Sprecher|gender=m)),(entity=(entity_id=figur_0023|fullname=Lesende|gender=u|specialcase_entity=group)))
988	991	die	
989	992	leibliche	
990	993	zu	
991	994	betrachten	
992	995	.	
993	996	Aber	
994	997	auch	
995	998	diese	
996	999	drückt	
997	1000	eine	
998	1001	edle	
999	1002	,	
1000	1003	schwungvolle	
1001	1004	Persönlichkeit	
1002	1005	aus	
1003	1006	.	
1004	1007	Auf	
1005	1008	seine	(mention_id=98|references=(entity=(entity_id=figur_0028|fullname=Mann von jugendlichem Alter|gender=u)))
1006	1009	Stirn	
1007	1010	haben	
1008	1011	die	
1009	1012	Götter	
1010	1013	das	
1011	1014	Siegel	
1012	1015	des	
1013	1016	Gedankens	
1014	1017	gedrückt	
1015	1018	,	
1016	1019	sein	(mention_id=99|references=(entity=(entity_id=figur_0028|fullname=Mann von jugendlichem Alter|gender=u)))
1017	1020	Mienenspiel	
1018	1021	ist	
1019	1022	eine	
1020	1023	Lyra	
1021	1024	,	
1022	1025	mit	
1023	1026	vollen	
1024	1027	,	
1025	1028	herztiefen	
1026	1029	Empfindungen	
1027	1030	besaitet	
1028	1031	.	
1029	1032	Sein	(mention_id=100|references=(entity=(entity_id=figur_0028|fullname=Mann von jugendlichem Alter|gender=u)))
1030	1033	Wuchs	
1031	1034	,	
1032	1035	mit	
1033	1036	Winkelmann	(mention_id=101|references=(entity=(entity_id=figur_0047|fullname=Winkelmann|gender=m)))
1034	1037	zu	
1035	1038	reden	
1036	1039	,	
1037	1040	sein	(mention_id=102|references=(entity=(entity_id=figur_0028|fullname=Mann von jugendlichem Alter|gender=u)))
1038	1041	Stamm	
1039	1042	ist	
1040	1043	fein	
1041	1044	,	
1042	1045	wir	(mention_id=103|references=(entity=(entity_id=figur_0042|fullname=Sprecher|gender=m)),(entity=(entity_id=figur_0023|fullname=Lesende|gender=u|specialcase_entity=group)))
1043	1046	möchten	
1044	1047	sagen	
1045	1048	artistisch	
1046	1049	gebaut	
1047	1050	.	
1048	1051	Ein	
1049	1052	künstlerischer	
1050	1053	Wurf	
1051	1054	geht	
1052	1055	auch	
1053	1056	durch	
1054	1057	seine	(mention_id=104|references=(entity=(entity_id=figur_0028|fullname=Mann von jugendlichem Alter|gender=u)))
1055	1058	Bekleidung	
1056	1059	.	
1057	1060	Sie	
1058	1061	hat	
1059	1062	nichts	
1060	1063	zu	
1061	1064	thun	
1062	1065	mit	
1063	1066	dem	
1064	1067	entsagenden	
1065	1068	Negligé	
1066	1069	des	
1067	1070	abstract	
1068	1071	Gebildeten	(mention_id=105|references=(entity=(entity_id=figur_0048|fullname=abstract Gebildeter|gender=m|specialcase_entity=generic)))
1069	1072	.	
1070	1073	Sie	
1071	1074	verräth	
1072	1075	Formensinn	
1073	1076	.	
1074	1077	Sie	
1075	1078	stellt	
1076	1079	eine	
1077	1080	Persönlichkeit	(mention_id=106|references=(entity=(entity_id=figur_0028|fullname=Mann von jugendlichem Alter|gender=u)))
1078	1081	dar	
1079	1082	,	
1080	1083	welche	(mention_id=107|references=(entity=(entity_id=figur_0028|fullname=Mann von jugendlichem Alter|gender=u)))
1081	1084	über	
1082	1085	die	
1083	1086	Identität	
1084	1087	von	
1085	1088	Gestalt	
1086	1089	und	
1087	1090	Gehalt	
1088	1091	durch	
1089	1092	ein	
1090	1093	natürliches	
1091	1094	Gefühl	
1092	1095	,	
1093	1096	durch	
1094	1097	eine	
1095	1098	angeborene	
1096	1099	Poesie	
1097	1100	belehrt	
1098	1101	ist	
1099	1102	.	
1100	1103	Der	
1101	1104	Segler	(mention_id=108|references=(entity=(entity_id=figur_0028|fullname=Mann von jugendlichem Alter|gender=u)))
1102	1105	passirt	
1103	1106	die	
1104	1107	Narrows	
1105	1108	,	
1106	1109	die	
1107	1110	Meerenge	
1108	1111	zwischen	
1109	1112	Long	
1110	1113	Island	
1111	1114	und	
1112	1115	Staten-Island	
1113	1116	.	
1114	1117	Links	
1115	1118	und	
1116	1119	rechts	
1117	1120	gezogene	
1118	1121	Hügel	
1119	1122	,	
1120	1123	Wald	
1121	1124	kronen	
1122	1125	,	
1123	1126	Wiesenteppiche	
1124	1127	,	
1125	1128	darüber	
1126	1129	verstreut	
1127	1130	,	
1128	1131	von	
1129	1132	der	
1130	1133	Hütte	
1131	1134	bis	
1132	1135	zum	
1133	1136	Palast	
1134	1137	,	
1135	1138	ein	
1136	1139	Füllhorn	
1137	1140	menschlicher	
1138	1141	Wohnungen	
1139	1142	.	
1140	1143	Im	
1141	1144	Prospect	
1142	1145	die	
1143	1146	prächtige	
1144	1147	Bai	
1145	1148	von	
1146	1149	Newyork	
1147	1150	,	
1148	1151	sie	
1149	1152	,	
1150	1153	die	
1151	1154	sämmtliche	
1152	1155	Kriegsflotten	
1153	1156	der	
1154	1157	Erde	
1155	1158	aufnehmen	
1156	1159	könnte	
1157	1160	,	
1158	1161	im	
1159	1162	Tiefgrunde	
1160	1163	die	
1161	1164	Stadt	
1162	1165	selbst	
1163	1166	.	
1164	1167	Das	
1165	1168	Masten	
1166	1169	Gepfähl	
1167	1170	und	
1168	1171	Tau-Gestrick	
1169	1172	ihres	
1170	1173	Hafens	
1171	1174	garnirt	
1172	1175	sie	
1173	1176	,	
1174	1177	aus	
1175	1178	dieser	
1176	1179	Ferne	
1177	1180	gesehen	
1178	1181	,	
1179	1182	wie	
1180	1183	das	
1181	1184	zarteste	
1182	1185	Spitzengewebe	
1183	1186	;	
1184	1187	kaum	
1185	1188	schimmert	
1186	1189	der	
1187	1190	Teint	
1188	1191	ihres	
1189	1192	weißen	
1190	1193	,	
1191	1194	holländischen	
1192	1195	Häuseranstrichs	
1193	1196	durch	
1194	1197	.	
1195	1198	Am	
1196	1199	Borde	
1197	1200	streitet	
1198	1201	man	
1199	1202	sich	
1200	1203	,	
1201	1204	ob	
1202	1205	diese	
1203	1206	Einfahrt	
1204	1207	wirklich	
1205	1208	Aehnlichkeit	
1206	1209	mit	
1207	1210	Neapel	
1208	1211	habe	
1209	1212	oder	
1210	1213	nicht	
1211	1214	.	
1212	1215	Der	
1213	1216	hohläugige	
1214	1217	Seekranke	(mention_id=109|references=(entity=(entity_id=figur_0041|fullname=Seekranker|gender=m)))
1215	1218	behauptet's	
1216	1219	mit	
1217	1220	freuderothem	
1218	1221	Auferstehungs-Jubel	
1219	1222	,	
1220	1223	der	
1221	1224	vielgereiste	
1222	1225	Tourist	(mention_id=110|references=(entity=(entity_id=figur_0056|fullname=vielgereister Tourist|gender=m)))
1223	1226	zuckt	
1224	1227	die	
1225	1228	abgehärtete	
1226	1229	Kenner	
1227	1230	Achsel	
1228	1231	.	
1229	1232	Dem	
1230	1233	Dritten	(mention_id=111|references=(entity=(entity_id=figur_0008|fullname=Dritter auf dem Schiff|gender=m)))
1231	1234	liegt	
1232	1235	die	
1233	1236	Stadt	
1234	1237	zu	
1235	1238	eben	
1236	1239	,	
1237	1240	sie	
1238	1241	hat	
1239	1242	kein	
1240	1243	Relief	
1241	1244	.	
1242	1245	Der	
1243	1246	Vierte	(mention_id=112|references=(entity=(entity_id=figur_0046|fullname=Vierter auf dem Schiff|gender=nb)))
1244	1247	stellt	
1245	1248	auch	
1246	1249	Hoboken	
1247	1250	und	
1248	1251	Brooklyn	
1249	1252	in	
1250	1253	ihren	
1251	1254	Rahmen	
1252	1255	und	
1253	1256	jenes	
1254	1257	zieht	
1255	1258	den	
1256	1259	blauen	
1257	1260	Hügelkranz	
1258	1261	von	
1259	1262	Neu-Jersey	
1260	1263	,	
1261	1264	dieses	
1262	1265	die	
1263	1266	bewaldeten	
1264	1267	Bergwände	
1265	1268	Long-Islands	
1266	1269	mit	
1267	1270	in	
1268	1271	das	
1269	1272	Bild	
1270	1273	.	
1271	1274	Ein	
1272	1275	Anderer	(mention_id=113|references=(entity=(entity_id=figur_0004|fullname=Anderer auf dem Schiff|gender=m)))
1273	1276	verschiebt	
1274	1277	Berg	
1275	1278	und	
1276	1279	Wald	
1277	1280	,	
1278	1281	setzt	
1279	1282	sie	
1280	1283	hieher	
1281	1284	und	
1282	1285	dorthin	
1283	1286	und	
1284	1287	gewinnt	
1285	1288	ihnen	
1286	1289	schöpferisch	
1287	1290	einen	
1288	1291	Vesuv	
1289	1292	ab	
1290	1293	.	
1291	1294	Unser	(mention_id=114|references=(entity=(entity_id=figur_0042|fullname=Sprecher|gender=m)),(entity=(entity_id=figur_0023|fullname=Lesende|gender=u|specialcase_entity=group)))
1292	1295	Hochwächter	(mention_id=115|references=(entity=(entity_id=figur_0014|fullname=Hochwächter|gender=m)))
1293	1296	im	
1294	1297	Vorder-Castell	
1295	1298	wendet	
1296	1299	sich	(mention_id=116|references=(entity=(entity_id=figur_0014|fullname=Hochwächter|gender=m)))
1297	1300	um	
1298	1301	und	
1299	1302	spricht	
1300	1303	über	
1301	1304	das	
1302	1305	Verdeck	
1303	1306	hin	
1304	1307	:	
1305	1308	Meine	(mention_id=117|references=(entity=(entity_id=figur_0014|fullname=Hochwächter|gender=m)))
1306	1309	Herren	(mention_id=118|references=(entity=(entity_id=figur_0013|fullname=Herren auf dem Schiff|gender=m|specialcase_entity=group)))
1307	1310	,	
1308	1311	wenn	
1309	1312	es	
1310	1313	heißt	
1311	1314	:	
1312	1315	Neapel	
1313	1316	sehen	
1314	1317	und	
1315	1318	sterben	
1316	1319	,	
1317	1320	so	
1318	1321	wollen	
1319	1322	wir	(mention_id=119|references=(entity=(entity_id=figur_0014|fullname=Hochwächter|gender=m)),(entity=(entity_id=figur_0013|fullname=Herren auf dem Schiff|gender=m|specialcase_entity=group)))
1320	1323	sagen	
1321	1324	:	
1322	1325	Newyork	
1323	1326	sehen	
1324	1327	und	
1325	1328	leben	
1326	1329	!	
1327	1330	das	
1328	1331	ist	
1329	1332	Gleichartiges	
1330	1333	und	
1331	1334	Verschiedenes	
1332	1335	.	
1333	1336	Beifallszuruf	
1334	1337	folgt	
1335	1338	dem	
1336	1339	Wortspiele	
1337	1340	des	
1338	1341	Mittlers	(mention_id=120|references=(entity=(entity_id=figur_0014|fullname=Hochwächter|gender=m)))
1339	1342	;	
1340	1343	dieser	(mention_id=121|references=(entity=(entity_id=figur_0014|fullname=Hochwächter|gender=m)))
1341	1344	vereinsamt	
1342	1345	sich	(mention_id=122|references=(entity=(entity_id=figur_0014|fullname=Hochwächter|gender=m)))
1343	1346	wieder	
1344	1347	und	
1345	1348	legt	
1346	1349	sein	(mention_id=123|references=(entity=(entity_id=figur_0014|fullname=Hochwächter|gender=m)))
1347	1350	Auge	
1348	1351	betrachtungsvoll	
1349	1352	auf	
1350	1353	Land	
1351	1354	und	
1352	1355	See	
1353	1356	hinaus	
1354	1357	.	
1355	1358	Ein	
1356	1359	grauer	
1357	1360	Gewitterdunst	
1358	1361	umduftet	
1359	1362	den	
1360	1363	schwülen	
1361	1364	Sommerhimmel	
1362	1365	.	
1363	1366	Der	
1364	1367	Seespiegel	
1365	1368	schattet	
1366	1369	ihn	
1367	1370	ab	
1368	1371	und	
1369	1372	gleicht	
1370	1373	einer	
1371	1374	dunklen	
1372	1375	,	
1373	1376	angehauchten	
1374	1377	Stahlplatte	
1375	1378	.	
1376	1379	Links	
1377	1380	auf	
1378	1381	Neu-Jersey	
1379	1382	,	
1380	1383	rechts	
1381	1384	über	
1382	1385	Brooklyns	
1383	1386	Waldhöhen	
1384	1387	hängen	
1385	1388	zwei	
1386	1389	dünnwallende	
1387	1390	Sprühregen	
1388	1391	herab	
1389	1392	.	
1390	1393	In	
1391	1394	der	
1392	1395	Mitte	
1393	1396	von	
1394	1397	beiden	
1395	1398	bricht	
1396	1399	im	
1397	1400	Hintergrunde	
1398	1401	die	
1399	1402	Sonne	
1400	1403	durch	
1401	1404	und	
1402	1405	spannt	
1403	1406	ein	
1404	1407	paar	
1405	1408	breite	
1406	1409	großgefächerte	
1407	1410	Strahlen	
1408	1411	über	
1409	1412	Newyork	
1410	1413	.	
1411	1414	Die	
1412	1415	Stadt	
1413	1416	schwimmt	
1414	1417	in	
1415	1418	einem	
1416	1419	milchweißen	
1417	1420	Fernenlicht	
1418	1421	,	
1419	1422	das	
1420	1423	mattgraue	
1421	1424	Wolkengehänge	
1422	1425	des	
1423	1426	Vordergrunds	
1424	1427	contrastirt	
1425	1428	dazu	
1426	1429	mit	
1427	1430	einer	
1428	1431	schlagenden	
1429	1432	Wirkung	
1430	1433	.	
1431	1434	Wer	
1432	1435	Neapel	
1433	1436	in	
1434	1437	diesem	
1435	1438	Nimbus	
1436	1439	gesehen	
1437	1440	,	
1438	1441	dürfte	
1439	1442	sich	
1440	1443	glücklich	
1441	1444	preisen	
1442	1445	.	
1443	1446	Ein	
1444	1447	solches	
1445	1448	Bild	
1446	1449	mit	
1447	1450	andern	
1448	1451	abzuwägen	
1449	1452	,	
1450	1453	kennzeichnet	
1451	1454	das	
1452	1455	Gros	
1453	1456	der	
1454	1457	Menschenaugen	(mention_id=124|references=(entity=(entity_id=generic_0038|fullname=die meisten Menschenaugen|gender=u|specialcase_entity=generic)|specialcase_reference=part))
1455	1458	.	
1456	1459	Sie	(mention_id=125|references=(entity=(entity_id=generic_0039|fullname=die meisten Menschenaugen|gender=u|specialcase_entity=generic)))
1457	1460	sehen	
1458	1461	die	
1459	1462	Landschaft	
1460	1463	nur	
1461	1464	als	
1462	1465	wägbare	
1463	1466	Masse	
1464	1467	,	
1465	1468	der	
1466	1469	beleuchtende	
1467	1470	Geist	
1468	1471	entgeht	
1469	1472	ihnen	
1470	1473	allzuoft	
1471	1474	.	
1472	1475	Unser	(mention_id=126|references=(entity=(entity_id=figur_0042|fullname=Sprecher|gender=m)),(entity=(entity_id=figur_0023|fullname=Lesende|gender=u|specialcase_entity=group)))
1473	1476	Ankömmling	(mention_id=127|references=(entity=(entity_id=figur_0028|fullname=Mann von jugendlichem Alter|gender=u)))
1474	1477	enpfindet	
1475	1478	ihn	
1476	1479	voll	
1477	1480	.	
1478	1481	Sein	(mention_id=128|references=(entity=(entity_id=figur_0028|fullname=Mann von jugendlichem Alter|gender=u)))
1479	1482	Auge	
1480	1483	ist	
1481	1484	wie	
1482	1485	von	
1483	1486	einem	
1484	1487	Zauber	
1485	1488	gefesselt	
1486	1489	vor	
1487	1490	dieser	
1488	1491	Lichtwirkung	
1489	1492	.	
1490	1493	Es	
1491	1494	ist	
1492	1495	ihm	(mention_id=129|references=(entity=(entity_id=figur_0028|fullname=Mann von jugendlichem Alter|gender=u)))
1493	1496	,	
1494	1497	als	
1495	1498	sähe	
1496	1499	er	(mention_id=130|references=(entity=(entity_id=figur_0028|fullname=Mann von jugendlichem Alter|gender=u)))
1497	1500	in	
1498	1501	der	
1499	1502	neuen	
1500	1503	Welt	
1501	1504	ein	
1502	1505	neues	
1503	1506	,	
1504	1507	sich	
1505	1508	selbst	
1506	1509	übertreffendes	
1507	1510	Tageslicht	
1508	1511	.	
1509	1512	Und	
1510	1513	das	
1511	1514	sinnliche	
1512	1515	Bild	
1513	1516	wie	
1514	1517	ein	
1515	1518	Symbol	
1516	1519	deutend	
1517	1520	,	
1518	1521	ruft	
1519	1522	er	(mention_id=131|references=(entity=(entity_id=figur_0028|fullname=Mann von jugendlichem Alter|gender=u)))
1520	1523	aus	
1521	1524	:	
1522	1525	Ja	
1523	1526	,	
1524	1527	nur	
1525	1528	Amerika	
1526	1529	hat	
1527	1530	Tag	
1528	1531	,	
1529	1532	Europa	
1530	1533	das	
1531	1534	Phosphorlicht	
1532	1535	seiner	
1533	1536	faulenden	
1534	1537	Stoffe	
1535	1538	!	
1536	1539	—	
1537	1540	Inzwischen	
1538	1541	treibt	
1539	1542	das	
1540	1543	Fahrzeug	
1541	1544	dem	
1542	1545	Lande	
1543	1546	immer	
1544	1547	näher	
1545	1548	.	
1546	1549	Die	
1547	1550	Scenen	
1548	1551	der	
1549	1552	Bai	
1550	1553	werden	
1551	1554	reicher	
1552	1555	und	
1553	1556	bunter	
1554	1557	.	
1555	1558	Schiffe	
1556	1559	von	
1557	1560	allen	
1558	1561	Größen	
1559	1562	und	
1560	1563	Formen	
1561	1564	—	
1562	1565	im	
1563	1566	Ocean	
1564	1567	nur	
1565	1568	durch's	
1566	1569	Fernrohr	
1567	1570	gesehen	
1568	1571	,	
1569	1572	durch's	
1570	1573	Sprachrohr	
1571	1574	angesprochen	
1572	1575	—	
1573	1576	bewundert	
1574	1577	man	
1575	1578	jetzt	
1576	1579	in	
1577	1580	der	
1578	1581	Nähe	
1579	1582	;	
1580	1583	gleich	
1581	1584	Delphinenschaaren	
1582	1585	erfüllten	
1583	1586	sie	
1584	1587	zu	
1585	1588	Hunderten	
1586	1589	das	
1587	1590	majestätische	
1588	1591	Wasser	
1589	1592	Bassin	
1590	1593	.	
1591	1594	Zwischen	
1592	1595	ihnen	
1593	1596	tummeln	
1594	1597	sich	
1595	1598	kleine	
1596	1599	verwegene	
1597	1600	Ruderboote	
1598	1601	und	
1599	1602	verschwinden	
1600	1603	in	
1601	1604	jedem	
1602	1605	Augenblicke	
1603	1606	aus	
1604	1607	dem	
1605	1608	Gesichte	
1606	1609	,	
1607	1610	so	
1608	1611	oft	
1609	1612	eine	
1610	1613	frische	
1611	1614	Brise	
1612	1615	über	
1613	1616	den	
1614	1617	Meeresspiegel	
1615	1618	haucht	
1616	1619	.	
1617	1620	Aber	
1618	1621	immer	
1619	1622	sind	
1620	1623	sie	
1621	1624	wieder	
1622	1625	oben	
1623	1626	,	
1624	1627	lustig	
1625	1628	,	
1626	1629	geschäftig	
1627	1630	,	
1628	1631	rastlos	
1629	1632	wie	
1630	1633	die	
1631	1634	Bienen	
1632	1635	.	
1633	1636	Es	
1634	1637	ist	
1635	1638	auch	
1636	1639	ein	
1637	1640	Bienenvolk	
1638	1641	,	
1639	1642	das	
1640	1643	nach	
1641	1644	Honig	
1642	1645	ausschwärmt	
1643	1646	.	
1644	1647	Die	
1645	1648	Repporters	(mention_id=132|references=(entity=(entity_id=figur_0037|fullname=Repporters|gender=m|specialcase_entity=group)))
1646	1649	der	
1647	1650	Zeitungen	
1648	1651	sind's	
1649	1652	,	
1650	1653	welche	(mention_id=133|references=(entity=(entity_id=figur_0037|fullname=Repporters|gender=m|specialcase_entity=group)))
1651	1654	meilenweit	
1652	1655	den	
1653	1656	einlaufenden	
1654	1657	Schiffen	(mention_id=134|references=(entity=(entity_id=figur_0040|fullname=Schiffe|gender=u)))
1655	1658	entgegenkommen	
1656	1659	.	
1657	1660	Sie	(mention_id=135|references=(entity=(entity_id=figur_0037|fullname=Repporters|gender=m|specialcase_entity=group)))
1658	1661	scheinen	
1659	1662	die	
1660	1663	Honneurs	(mention_id=136|references=(entity=(entity_id=figur_0016|fullname=Honneurs|gender=u)),(entity=(entity_id=figur_0037|fullname=Repporters|gender=m|specialcase_entity=group)))
1661	1664	der	
1662	1665	neuen	
1663	1666	Welt	
1664	1667	zu	
1665	1668	machen	
1666	1669	,	
1667	1670	den	
1668	1671	Fremden	(mention_id=137|references=(entity=(entity_id=generic_0040|fullname=Fremde|gender=u|specialcase_entity=generic)))
1669	1672	ihre	(mention_id=138|references=(entity=(entity_id=figur_0037|fullname=Repporters|gender=m|specialcase_entity=group)))
1670	1673	Dienste	
1671	1674	anzubieten	
1672	1675	,	
1673	1676	verfolgen	
1674	1677	aber	
1675	1678	nur	
1676	1679	den	
1677	1680	Zweck	
1678	1681	,	
1679	1682	sich	(mention_id=139|references=(entity=(entity_id=figur_0037|fullname=Repporters|gender=m|specialcase_entity=group)))
1680	1683	selbst	
1681	1684	allerlei	
1682	1685	Seeberichte	
1683	1686	und	
1684	1687	Reisenotizen	
1685	1688	von	
1686	1689	ihnen	(mention_id=140|references=(entity=(entity_id=generic_0041|fullname=Fremde|gender=u|specialcase_entity=generic)))
1687	1690	einzusammeln	
1688	1691	.	
1689	1692	Weniger	
1690	1693	artig	
1691	1694	verhüllen	
1692	1695	ihre	(mention_id=141|references=(entity=(entity_id=figur_0039|fullname=Runners|gender=m|specialcase_entity=group)),(entity=(entity_id=figur_0007|fullname=Clerks|gender=m|specialcase_entity=group)),(entity=(entity_id=figur_0027|fullname=Makler|gender=m|specialcase_entity=group)),(entity=(entity_id=figur_0001|fullname=Agenten|gender=m|specialcase_entity=group)),(entity=(entity_id=figur_0012|fullname=Gastwirthe|gender=m|specialcase_entity=group)))
1693	1696	Honiggier	
1694	1697	die	
1695	1698	Runners	(mention_id=142|references=(entity=(entity_id=figur_0039|fullname=Runners|gender=m|specialcase_entity=group)))
1696	1699	,	
1697	1700	die	
1698	1701	Clerks	(mention_id=143|references=(entity=(entity_id=figur_0007|fullname=Clerks|gender=m|specialcase_entity=group)))
1699	1702	der	
1700	1703	Makler	(mention_id=144|references=(entity=(entity_id=figur_0027|fullname=Makler|gender=m|specialcase_entity=group)))
1701	1704	,	
1702	1705	der	
1703	1706	Agenten	(mention_id=145|references=(entity=(entity_id=figur_0001|fullname=Agenten|gender=m|specialcase_entity=group)))
1704	1707	,	
1705	1708	der	
1706	1709	Gastwirthe	(mention_id=146|references=(entity=(entity_id=figur_0012|fullname=Gastwirthe|gender=m|specialcase_entity=group)))
1707	1710	.	
1708	1711	Zu	
1709	1712	Ballen	
1710	1713	und	
1711	1714	Rießen	
1712	1715	bombardiren	
1713	1716	sie	(mention_id=147|references=(entity=(entity_id=figur_0039|fullname=Runners|gender=m|specialcase_entity=group)),(entity=(entity_id=figur_0007|fullname=Clerks|gender=m|specialcase_entity=group)),(entity=(entity_id=figur_0027|fullname=Makler|gender=m|specialcase_entity=group)),(entity=(entity_id=figur_0001|fullname=Agenten|gender=m|specialcase_entity=group)),(entity=(entity_id=figur_0012|fullname=Gastwirthe|gender=m|specialcase_entity=group)))
1714	1717	das	
1715	1718	Schiff	
1716	1719	mit	
1717	1720	ihren	(mention_id=148|references=(entity=(entity_id=figur_0039|fullname=Runners|gender=m|specialcase_entity=group)),(entity=(entity_id=figur_0007|fullname=Clerks|gender=m|specialcase_entity=group)),(entity=(entity_id=figur_0027|fullname=Makler|gender=m|specialcase_entity=group)),(entity=(entity_id=figur_0001|fullname=Agenten|gender=m|specialcase_entity=group)),(entity=(entity_id=figur_0012|fullname=Gastwirthe|gender=m|specialcase_entity=group)))
1718	1721	Annoncen	
1719	1722	,	
1720	1723	entern	
1721	1724	,	
1722	1725	erstürmen	
1723	1726	es	
1724	1727	und	
1725	1728	möchten	
1726	1729	es	
1727	1730	in	
1728	1731	die	
1729	1732	Sclaverei	
1730	1733	ihrer	(mention_id=149|references=(entity=(entity_id=figur_0039|fullname=Runners|gender=m|specialcase_entity=group)),(entity=(entity_id=figur_0007|fullname=Clerks|gender=m|specialcase_entity=group)),(entity=(entity_id=figur_0027|fullname=Makler|gender=m|specialcase_entity=group)),(entity=(entity_id=figur_0001|fullname=Agenten|gender=m|specialcase_entity=group)),(entity=(entity_id=figur_0012|fullname=Gastwirthe|gender=m|specialcase_entity=group)))
1731	1734	Firma	
1732	1735	gerne	
1733	1736	mit	
1734	1737	den	
1735	1738	geringst-möglichen	
1736	1739	Umständen	
1737	1740	schleppen	
1738	1741	.	
1739	1742	Bei	
1740	1743	dieser	
1741	1744	Gelegenheit	
1742	1745	geht	
1743	1746	mancher	
1744	1747	Wahn	
1745	1748	in	
1746	1749	die	
1747	1750	Brüche	
1748	1751	,	
1749	1752	daß	
1750	1753	man	
1751	1754	sein	
1752	1755	Englisch	
1753	1756	in	
1754	1757	bester	
1755	1758	Aussprache	
1756	1759	einstudirt	
1757	1760	habe	
1758	1761	.	
1759	1762	Indeß	
1760	1763	verständigt	
1761	1764	man	
1762	1765	sich	
1763	1766	doch	
1764	1767	zuletzt	
1765	1768	,	
1766	1769	läßt	
1767	1770	sich	
1768	1771	hier	
1769	1772	in	
1770	1773	ein	
1771	1774	Geschäft	
1772	1775	ein	
1773	1776	,	
1774	1777	belegt	
1775	1778	dort	
1776	1779	eine	
1777	1780	Nummer	
1778	1781	im	
1779	1782	Gasthaus	
1780	1783	.	
1781	1784	Auch	
1782	1785	unserm	(mention_id=150|references=(entity=(entity_id=figur_0042|fullname=Sprecher|gender=m)),(entity=(entity_id=figur_0023|fullname=Lesende|gender=u|specialcase_entity=group)))
1783	1786	Helden	(mention_id=151|references=(entity=(entity_id=figur_0028|fullname=Mann von jugendlichem Alter|gender=u)))
1784	1787	präsentirt	
1785	1788	ein	
1786	1789	geschäftssüchtiger	
1787	1790	Runner	(mention_id=152|references=(entity=(entity_id=figur_0052|fullname=geschäftssüchtiger Runner|gender=m)))
1788	1791	die	
1789	1792	Karte	
1790	1793	seines	(mention_id=153|references=(entity=(entity_id=figur_0052|fullname=geschäftssüchtiger Runner|gender=m)))
1791	1794	Hotels	
1792	1795	.	
1793	1796	Aber	
1794	1797	er	(mention_id=154|references=(entity=(entity_id=figur_0028|fullname=Mann von jugendlichem Alter|gender=u)))
1795	1798	bringt	
1796	1799	seine	(mention_id=155|references=(entity=(entity_id=figur_0028|fullname=Mann von jugendlichem Alter|gender=u)))
1797	1800	eigene	
1798	1801	Adresse	
1799	1802	mit	
1800	1803	,	
1801	1804	und	
1802	1805	dieser	
1803	1806	Sorge	
1804	1807	enthoben	
1805	1808	,	
1806	1809	wendet	
1807	1810	er	(mention_id=156|references=(entity=(entity_id=figur_0028|fullname=Mann von jugendlichem Alter|gender=u)))
1808	1811	sich	(mention_id=157|references=(entity=(entity_id=figur_0028|fullname=Mann von jugendlichem Alter|gender=u)))
1809	1812	von	
1810	1813	dem	
1811	1814	Beschwerlichen	
1812	1815	ab	
1813	1816	,	
1814	1817	denn	
1815	1818	das	
1816	1819	Einclariren	
1817	1820	des	
1818	1821	Schiffes	
1819	1822	unterhält	
1820	1823	jetzt	
1821	1824	seine	(mention_id=158|references=(entity=(entity_id=figur_0028|fullname=Mann von jugendlichem Alter|gender=u)))
1822	1825	Aufmerksamkeit	
1823	1826	.	
1824	1827	Er	(mention_id=159|references=(entity=(entity_id=figur_0028|fullname=Mann von jugendlichem Alter|gender=u)))
1825	1828	vernimmt	
1826	1829	die	
1827	1830	letzten	
1828	1831	Commando's	
1829	1832	des	
1830	1833	Lootsen	(mention_id=160|references=(entity=(entity_id=figur_0024|fullname=Lootsen|gender=m)))
1831	1834	,	
1832	1835	das	
1833	1836	letzte	
1834	1837	Segel	
1835	1838	sieht	
1836	1839	er	(mention_id=161|references=(entity=(entity_id=figur_0028|fullname=Mann von jugendlichem Alter|gender=u)))
1837	1840	von	
1838	1841	den	
1839	1842	Matrosen	(mention_id=162|references=(entity=(entity_id=figur_0031|fullname=Matrosen|gender=m|specialcase_entity=group)))
1840	1843	beilegen	
1841	1844	,	
1842	1845	das	
1843	1846	Schiff	
1844	1847	geht	
1845	1848	vor	
1846	1849	seine	
1847	1850	Hafen	
1848	1851	Barriere	
1849	1852	.	
1850	1853	Ein	
1851	1854	leiser	
1852	1855	Schauer	
1853	1856	durchrieselt	
1854	1857	ihn	(mention_id=163|references=(entity=(entity_id=figur_0028|fullname=Mann von jugendlichem Alter|gender=u)))
1855	1858	,	
1856	1859	indem	
1857	1860	die	
1858	1861	schwere	
1859	1862	Ankerkette	
1860	1863	über	
1861	1864	die	
1862	1865	Winde	
1863	1866	rasselt	
1864	1867	.	
1865	1868	Ach	
1866	1869	,	
1867	1870	nur	
1868	1871	der	
1869	1872	Reiche	(mention_id=164|references=(entity=(entity_id=figur_0036|fullname=Reiche|gender=m|specialcase_entity=generic)))
1870	1873	reist	
1871	1874	,	
1872	1875	gleich	
1873	1876	dem	
1874	1877	Elfen	
1875	1878	Puck	
1876	1879	„	
1877	1880	schweifend	
1878	1881	über	
1879	1882	Land	
1880	1883	und	
1881	1884	Meer	
1882	1885	”	
1883	1886	—	
1884	1887	aber	
1885	1888	wie	
1886	1889	Viele	(mention_id=165|references=(entity=(entity_id=generic_0042|fullname=versagende Ankömmlinge|gender=u|specialcase_entity=generic)))
1887	1890	heftet	
1888	1891	diese	
1889	1892	Kette	
1890	1893	bleibend	
1891	1894	an	
1892	1895	den	
1893	1896	Boden	
1894	1897	,	
1895	1898	für	
1896	1899	den	
1897	1900	sie	(mention_id=166|references=(entity=(entity_id=generic_0043|fullname=versagende Ankömmlinge|gender=u|specialcase_entity=generic)))
1898	1901	vielleicht	
1899	1902	ihr	
1900	1903	Letztes	
1901	1904	eingesetzt	
1902	1905	!	
1903	1906	Da	
1904	1907	flattern	
1905	1908	sie	
1906	1909	hin	
1907	1910	Alle	(mention_id=167|references=(entity=(entity_id=generic_0044|fullname=Alle Ankömmlinge|gender=u|specialcase_entity=generic)),(entity=(entity_id=figur_0013|fullname=Herren auf dem Schiff|gender=m|specialcase_entity=group)))
1908	1911	mit	
1909	1912	der	
1910	1913	gleichen	
1911	1914	Hoffnung	
1912	1915	,	
1913	1916	Jeder	(mention_id=168|references=(entity=(entity_id=generic_0045|fullname=Alle Ankömmlinge|gender=u|specialcase_entity=generic)),(entity=(entity_id=figur_0013|fullname=Herren auf dem Schiff|gender=m|specialcase_entity=group)))
1914	1917	mit	
1915	1918	seinem	(mention_id=169|references=(entity=(entity_id=generic_0046|fullname=Alle Ankömmlinge|gender=u|specialcase_entity=generic)),(entity=(entity_id=figur_0013|fullname=Herren auf dem Schiff|gender=m|specialcase_entity=group)))
1916	1919	besonderen	
1917	1920	Schicksale	
1918	1921	!	
1919	1922	Ein	
1920	1923	Nest	
1921	1924	voll	
1922	1925	halbbesiederter	
1923	1926	Brut	
1924	1927	dünkt	
1925	1928	ihm	
1926	1929	das	
1927	1930	Auswandererschiff	
1928	1931	—	
1929	1932	wer	
1930	1933	wird	
1931	1934	aufwärts	
1932	1935	dringen	
1933	1936	in	
1934	1937	den	
1935	1938	blauen	
1936	1939	,	
1937	1940	liederreichen	
1938	1941	Aether	
1939	1942	;	
1940	1943	wer	
1941	1944	wird	
1942	1945	niederstürzen	
1943	1946	in	
1944	1947	den	
1945	1948	Busch	
1946	1949	,	
1947	1950	in	
1948	1951	die	
1949	1952	Tatze	
1950	1953	des	
1951	1954	lauernden	
1952	1955	Wildes	
1953	1956	?	
1954	1957	Das	
1955	1958	Ankerwerfen	
1956	1959	ist	
1957	1960	einer	
1958	1961	jener	
1959	1962	Momente	
1960	1963	,	
1961	1964	wo	
1962	1965	man	
1963	1966	die	
1964	1967	Geisterhand	
1965	1968	deutlicher	
1966	1969	zu	
1967	1970	sehen	
1968	1971	glaubt	
1969	1972	,	
1970	1973	die	
1971	1974	das	
1972	1975	Menschenschicksal	
1973	1976	webt	
1974	1977	.	
1975	1978	Auch	
1976	1979	bei	
1977	1980	der	
1978	1981	rosigsten	
1979	1982	Aussicht	
1980	1983	flirrt	
1981	1984	Gespensterfurcht	
1982	1985	wie	
1983	1986	ein	
1984	1987	schwarzer	
1985	1988	Faden	
1986	1989	durch's	
1987	1990	Auge	
1988	1991	.	
1989	1992	Im	
1990	1993	Getümmel	
1991	1994	des	
1992	1995	Landens	
1993	1996	,	
1994	1997	des	
1995	1998	Ausschiffens	
1996	1999	,	
1997	2000	in	
1998	2001	einem	
1999	2002	Babel	
